Test case length,Covered states,Covered transitions,Number of All_Mutants,Number of killed All_Mutants OracleOutput,Mutation score All_Mutants OracleOutput,Number of killed All_Mutants OracleState,Mutation score All_Mutants OracleState,Number of killed All_Mutants OracleOutputAndState,Mutation score All_Mutants OracleOutputAndState,Number of killed All_Mutants OracleW,Mutation score All_Mutants OracleW,Number of CIS_Mutant,Number of killed CIS_Mutant OracleOutput,Mutation score CIS_Mutant OracleOutput,Number of killed CIS_Mutant OracleState,Mutation score CIS_Mutant OracleState,Number of killed CIS_Mutant OracleOutputAndState,Mutation score CIS_Mutant OracleOutputAndState,Number of killed CIS_Mutant OracleW,Mutation score CIS_Mutant OracleW,Number of CI_Mutant,Number of killed CI_Mutant OracleOutput,Mutation score CI_Mutant OracleOutput,Number of killed CI_Mutant OracleState,Mutation score CI_Mutant OracleState,Number of killed CI_Mutant OracleOutputAndState,Mutation score CI_Mutant OracleOutputAndState,Number of killed CI_Mutant OracleW,Mutation score CI_Mutant OracleW,Number of DI_Mutant,Number of killed DI_Mutant OracleOutput,Mutation score DI_Mutant OracleOutput,Number of killed DI_Mutant OracleState,Mutation score DI_Mutant OracleState,Number of killed DI_Mutant OracleOutputAndState,Mutation score DI_Mutant OracleOutputAndState,Number of killed DI_Mutant OracleW,Mutation score DI_Mutant OracleW,Number of II_Mutant,Number of killed II_Mutant OracleOutput,Mutation score II_Mutant OracleOutput,Number of killed II_Mutant OracleState,Mutation score II_Mutant OracleState,Number of killed II_Mutant OracleOutputAndState,Mutation score II_Mutant OracleOutputAndState,Number of killed II_Mutant OracleW,Mutation score II_Mutant OracleW,Number of CO_Mutant,Number of killed CO_Mutant OracleOutput,Mutation score CO_Mutant OracleOutput,Number of killed CO_Mutant OracleState,Mutation score CO_Mutant OracleState,Number of killed CO_Mutant OracleOutputAndState,Mutation score CO_Mutant OracleOutputAndState,Number of killed CO_Mutant OracleW,Mutation score CO_Mutant OracleW,Number of DO_Mutant,Number of killed DO_Mutant OracleOutput,Mutation score DO_Mutant OracleOutput,Number of killed DO_Mutant OracleState,Mutation score DO_Mutant OracleState,Number of killed DO_Mutant OracleOutputAndState,Mutation score DO_Mutant OracleOutputAndState,Number of killed DO_Mutant OracleW,Mutation score DO_Mutant OracleW,Number of IO_Mutant,Number of killed IO_Mutant OracleOutput,Mutation score IO_Mutant OracleOutput,Number of killed IO_Mutant OracleState,Mutation score IO_Mutant OracleState,Number of killed IO_Mutant OracleOutputAndState,Mutation score IO_Mutant OracleOutputAndState,Number of killed IO_Mutant OracleW,Mutation score IO_Mutant OracleW,Number of CSS_Mutant,Number of killed CSS_Mutant OracleOutput,Mutation score CSS_Mutant OracleOutput,Number of killed CSS_Mutant OracleState,Mutation score CSS_Mutant OracleState,Number of killed CSS_Mutant OracleOutputAndState,Mutation score CSS_Mutant OracleOutputAndState,Number of killed CSS_Mutant OracleW,Mutation score CSS_Mutant OracleW,Number of CES_Mutant,Number of killed CES_Mutant OracleOutput,Mutation score CES_Mutant OracleOutput,Number of killed CES_Mutant OracleState,Mutation score CES_Mutant OracleState,Number of killed CES_Mutant OracleOutputAndState,Mutation score CES_Mutant OracleOutputAndState,Number of killed CES_Mutant OracleW,Mutation score CES_Mutant OracleW,Number of RT_Mutant,Number of killed RT_Mutant OracleOutput,Mutation score RT_Mutant OracleOutput,Number of killed RT_Mutant OracleState,Mutation score RT_Mutant OracleState,Number of killed RT_Mutant OracleOutputAndState,Mutation score RT_Mutant OracleOutputAndState,Number of killed RT_Mutant OracleW,Mutation score RT_Mutant OracleW,Number of DT_Mutant,Number of killed DT_Mutant OracleOutput,Mutation score DT_Mutant OracleOutput,Number of killed DT_Mutant OracleState,Mutation score DT_Mutant OracleState,Number of killed DT_Mutant OracleOutputAndState,Mutation score DT_Mutant OracleOutputAndState,Number of killed DT_Mutant OracleW,Mutation score DT_Mutant OracleW,Number of IT_Mutant,Number of killed IT_Mutant OracleOutput,Mutation score IT_Mutant OracleOutput,Number of killed IT_Mutant OracleState,Mutation score IT_Mutant OracleState,Number of killed IT_Mutant OracleOutputAndState,Mutation score IT_Mutant OracleOutputAndState,Number of killed IT_Mutant OracleW,Mutation score IT_Mutant OracleW,Number of DS_Mutant,Number of killed DS_Mutant OracleOutput,Mutation score DS_Mutant OracleOutput,Number of killed DS_Mutant OracleState,Mutation score DS_Mutant OracleState,Number of killed DS_Mutant OracleOutputAndState,Mutation score DS_Mutant OracleOutputAndState,Number of killed DS_Mutant OracleW,Mutation score DS_Mutant OracleW,Number of IDSS_Mutant,Number of killed IDSS_Mutant OracleOutput,Mutation score IDSS_Mutant OracleOutput,Number of killed IDSS_Mutant OracleState,Mutation score IDSS_Mutant OracleState,Number of killed IDSS_Mutant OracleOutputAndState,Mutation score IDSS_Mutant OracleOutputAndState,Number of killed IDSS_Mutant OracleW,Mutation score IDSS_Mutant OracleW,Number of IDES_Mutant,Number of killed IDES_Mutant OracleOutput,Mutation score IDES_Mutant OracleOutput,Number of killed IDES_Mutant OracleState,Mutation score IDES_Mutant OracleState,Number of killed IDES_Mutant OracleOutputAndState,Mutation score IDES_Mutant OracleOutputAndState,Number of killed IDES_Mutant OracleW,Mutation score IDES_Mutant OracleW
2,2,2,3762,97,0.025784157,99,0.02631579,113,0.030037215,445,0.118288144,9,9,1,9,1,9,1,9,1,576,29,0.050347224,25,0.043402776,29,0.050347224,80,0.1388889,64,11,0.171875,9,0.140625,11,0.171875,18,0.28125,0,0,NaN,0,NaN,0,NaN,0,NaN,192,6,0.03125,0,0,6,0.03125,27,0.140625,64,2,0.03125,0,0,2,0.03125,9,0.140625,0,0,NaN,0,NaN,0,NaN,0,NaN,576,25,0.043402776,27,0.046875,27,0.046875,134,0.2326389,576,7,0.012152778,18,0.03125,18,0.03125,18,0.03125,64,3,0.046875,3,0.046875,3,0.046875,12,0.1875,64,2,0.03125,2,0.03125,2,0.03125,9,0.140625,1440,0,0,0,0,0,0,120,0.083333336,9,2,0.22222222,2,0.22222222,2,0.22222222,7,0.7777778,64,1,0.015625,2,0.03125,2,0.03125,2,0.03125,64,0,0,2,0.03125,2,0.03125,0,0
3,3,3,3762,145,0.03854333,147,0.03907496,170,0.04518873,657,0.17464115,9,9,1,9,1,9,1,9,1,576,39,0.067708336,37,0.06423611,43,0.074652776,66,0.114583336,64,15,0.234375,14,0.21875,17,0.265625,19,0.296875,0,0,NaN,0,NaN,0,NaN,0,NaN,192,9,0.046875,0,0,9,0.046875,15,0.078125,64,3,0.046875,0,0,3,0.046875,5,0.078125,0,0,NaN,0,NaN,0,NaN,0,NaN,576,42,0.072916664,43,0.074652776,44,0.07638889,124,0.21527778,576,15,0.026041666,27,0.046875,27,0.046875,33,0.057291668,64,5,0.078125,5,0.078125,6,0.09375,14,0.21875,64,3,0.046875,3,0.046875,3,0.046875,5,0.078125,1440,0,0,0,0,0,0,360,0.25,9,3,0.33333334,3,0.33333334,3,0.33333334,3,0.33333334,64,2,0.03125,3,0.046875,3,0.046875,4,0.0625,64,0,0,3,0.046875,3,0.046875,0,0
3,3,3,3762,146,0.038809143,140,0.03721425,166,0.044125464,514,0.13662945,9,9,1,9,1,9,1,9,1,576,39,0.067708336,33,0.057291668,41,0.07118055,109,0.1892361,64,15,0.234375,12,0.1875,16,0.25,25,0.390625,0,0,NaN,0,NaN,0,NaN,0,NaN,192,9,0.046875,0,0,9,0.046875,36,0.1875,64,3,0.046875,0,0,3,0.046875,12,0.1875,0,0,NaN,0,NaN,0,NaN,0,NaN,576,42,0.072916664,44,0.07638889,44,0.07638889,168,0.29166666,576,16,0.027777778,27,0.046875,27,0.046875,36,0.0625,64,6,0.09375,4,0.0625,6,0.09375,16,0.25,64,3,0.046875,3,0.046875,3,0.046875,12,0.1875,1440,0,0,0,0,0,0,80,0.055555556,9,2,0.22222222,2,0.22222222,2,0.22222222,7,0.7777778,64,2,0.03125,3,0.046875,3,0.046875,4,0.0625,64,0,0,3,0.046875,3,0.046875,0,0
3,3,3,3762,144,0.03827751,144,0.03827751,169,0.044922914,556,0.14779373,9,9,1,9,1,9,1,9,1,576,39,0.067708336,35,0.060763888,43,0.074652776,129,0.22395833,64,15,0.234375,13,0.203125,17,0.265625,31,0.484375,0,0,NaN,0,NaN,0,NaN,0,NaN,192,9,0.046875,0,0,9,0.046875,39,0.203125,64,3,0.046875,0,0,3,0.046875,13,0.203125,0,0,NaN,0,NaN,0,NaN,0,NaN,576,41,0.07118055,44,0.07638889,44,0.07638889,178,0.3090278,576,15,0.026041666,27,0.046875,27,0.046875,36,0.0625,64,5,0.078125,4,0.0625,5,0.078125,17,0.265625,64,3,0.046875,3,0.046875,3,0.046875,13,0.203125,1440,0,0,0,0,0,0,80,0.055555556,9,3,0.33333334,3,0.33333334,3,0.33333334,7,0.7777778,64,2,0.03125,3,0.046875,3,0.046875,4,0.0625,64,0,0,3,0.046875,3,0.046875,0,0
3,3,3,3762,147,0.03907496,140,0.03721425,169,0.044922914,519,0.13795853,9,9,1,9,1,9,1,9,1,576,43,0.074652776,33,0.057291668,43,0.074652776,111,0.19270833,64,17,0.265625,12,0.1875,17,0.265625,26,0.40625,0,0,NaN,0,NaN,0,NaN,0,NaN,192,9,0.046875,0,0,9,0.046875,36,0.1875,64,3,0.046875,0,0,3,0.046875,12,0.1875,0,0,NaN,0,NaN,0,NaN,0,NaN,576,41,0.07118055,44,0.07638889,45,0.078125,169,0.2934028,576,14,0.024305556,27,0.046875,27,0.046875,36,0.0625,64,5,0.078125,4,0.0625,5,0.078125,17,0.265625,64,3,0.046875,3,0.046875,3,0.046875,12,0.1875,1440,0,0,0,0,0,0,80,0.055555556,9,2,0.22222222,2,0.22222222,2,0.22222222,7,0.7777778,64,1,0.015625,3,0.046875,3,0.046875,4,0.0625,64,0,0,3,0.046875,3,0.046875,0,0
3,3,3,3762,145,0.03854333,146,0.038809143,168,0.044657096,481,0.12785752,9,9,1,9,1,9,1,9,1,576,37,0.06423611,37,0.06423611,43,0.074652776,91,0.1579861,64,14,0.21875,14,0.21875,17,0.265625,24,0.375,0,0,NaN,0,NaN,0,NaN,0,NaN,192,9,0.046875,0,0,9,0.046875,33,0.171875,64,3,0.046875,0,0,3,0.046875,11,0.171875,0,0,NaN,0,NaN,0,NaN,0,NaN,576,42,0.072916664,42,0.072916664,42,0.072916664,160,0.2777778,576,17,0.029513888,27,0.046875,27,0.046875,35,0.060763888,64,6,0.09375,5,0.078125,6,0.09375,18,0.28125,64,3,0.046875,3,0.046875,3,0.046875,11,0.171875,1440,0,0,0,0,0,0,80,0.055555556,9,3,0.33333334,3,0.33333334,3,0.33333334,6,0.6666667,64,2,0.03125,3,0.046875,3,0.046875,3,0.046875,64,0,0,3,0.046875,3,0.046875,0,0
3,3,3,3762,140,0.03721425,142,0.037745878,164,0.04359383,502,0.13343966,9,9,1,9,1,9,1,9,1,576,39,0.067708336,37,0.06423611,43,0.074652776,71,0.12326389,64,15,0.234375,14,0.21875,17,0.265625,18,0.28125,0,0,NaN,0,NaN,0,NaN,0,NaN,192,9,0.046875,0,0,9,0.046875,21,0.109375,64,3,0.046875,0,0,3,0.046875,7,0.109375,0,0,NaN,0,NaN,0,NaN,0,NaN,576,38,0.065972224,40,0.06944445,40,0.06944445,122,0.21180555,576,16,0.027777778,27,0.046875,27,0.046875,27,0.046875,64,5,0.078125,4,0.0625,5,0.078125,13,0.203125,64,3,0.046875,3,0.046875,3,0.046875,7,0.109375,1440,0,0,0,0,0,0,200,0.1388889,9,2,0.22222222,2,0.22222222,2,0.22222222,4,0.44444445,64,1,0.015625,3,0.046875,3,0.046875,3,0.046875,64,0,0,3,0.046875,3,0.046875,0,0
3,3,3,3762,142,0.037745878,139,0.03694843,163,0.043328017,515,0.13689527,9,9,1,9,1,9,1,9,1,576,41,0.07118055,33,0.057291668,41,0.07118055,109,0.1892361,64,16,0.25,12,0.1875,16,0.25,25,0.390625,0,0,NaN,0,NaN,0,NaN,0,NaN,192,9,0.046875,0,0,9,0.046875,36,0.1875,64,3,0.046875,0,0,3,0.046875,12,0.1875,0,0,NaN,0,NaN,0,NaN,0,NaN,576,39,0.067708336,43,0.074652776,43,0.074652776,169,0.2934028,576,14,0.024305556,27,0.046875,27,0.046875,36,0.0625,64,4,0.0625,4,0.0625,4,0.0625,16,0.25,64,3,0.046875,3,0.046875,3,0.046875,12,0.1875,1440,0,0,0,0,0,0,80,0.055555556,9,2,0.22222222,2,0.22222222,2,0.22222222,7,0.7777778,64,2,0.03125,3,0.046875,3,0.046875,4,0.0625,64,0,0,3,0.046875,3,0.046875,0,0
3,3,3,3762,141,0.037480064,144,0.03827751,169,0.044922914,558,0.14832535,9,9,1,9,1,9,1,9,1,576,37,0.06423611,35,0.060763888,43,0.074652776,129,0.22395833,64,14,0.21875,13,0.203125,17,0.265625,31,0.484375,0,0,NaN,0,NaN,0,NaN,0,NaN,192,9,0.046875,0,0,9,0.046875,39,0.203125,64,3,0.046875,0,0,3,0.046875,13,0.203125,0,0,NaN,0,NaN,0,NaN,0,NaN,576,40,0.06944445,43,0.074652776,43,0.074652776,178,0.3090278,576,15,0.026041666,27,0.046875,27,0.046875,36,0.0625,64,6,0.09375,5,0.078125,6,0.09375,19,0.296875,64,3,0.046875,3,0.046875,3,0.046875,13,0.203125,1440,0,0,0,0,0,0,80,0.055555556,9,3,0.33333334,3,0.33333334,3,0.33333334,7,0.7777778,64,2,0.03125,3,0.046875,3,0.046875,4,0.0625,64,0,0,3,0.046875,3,0.046875,0,0
2,2,2,3762,96,0.025518341,90,0.023923445,111,0.029505583,491,0.13051568,9,9,1,9,1,9,1,9,1,576,27,0.046875,21,0.036458332,29,0.050347224,107,0.1857639,64,10,0.15625,7,0.109375,11,0.171875,21,0.328125,0,0,NaN,0,NaN,0,NaN,0,NaN,192,6,0.03125,0,0,6,0.03125,36,0.1875,64,2,0.03125,0,0,2,0.03125,12,0.1875,0,0,NaN,0,NaN,0,NaN,0,NaN,576,25,0.043402776,24,0.041666668,25,0.043402776,157,0.27256945,576,9,0.015625,18,0.03125,18,0.03125,27,0.046875,64,3,0.046875,3,0.046875,3,0.046875,20,0.3125,64,2,0.03125,2,0.03125,2,0.03125,12,0.1875,1440,0,0,0,0,0,0,80,0.055555556,9,2,0.22222222,2,0.22222222,2,0.22222222,7,0.7777778,64,1,0.015625,2,0.03125,2,0.03125,3,0.046875,64,0,0,2,0.03125,2,0.03125,0,0
2,2,2,3762,92,0.024455078,98,0.026049973,115,0.030568846,433,0.11509835,9,9,1,9,1,9,1,9,1,576,23,0.039930556,23,0.039930556,29,0.050347224,79,0.13715278,64,8,0.125,8,0.125,11,0.171875,19,0.296875,0,0,NaN,0,NaN,0,NaN,0,NaN,192,6,0.03125,0,0,6,0.03125,30,0.15625,64,2,0.03125,0,0,2,0.03125,10,0.15625,0,0,NaN,0,NaN,0,NaN,0,NaN,576,28,0.048611112,29,0.050347224,29,0.050347224,147,0.25520834,576,8,0.013888889,18,0.03125,18,0.03125,27,0.046875,64,3,0.046875,3,0.046875,3,0.046875,15,0.234375,64,2,0.03125,2,0.03125,2,0.03125,10,0.15625,1440,0,0,0,0,0,0,80,0.055555556,9,2,0.22222222,2,0.22222222,2,0.22222222,5,0.5555556,64,1,0.015625,2,0.03125,2,0.03125,2,0.03125,64,0,0,2,0.03125,2,0.03125,0,0
2,2,2,3762,94,0.024986709,94,0.024986709,112,0.029771399,490,0.13024987,9,9,1,9,1,9,1,9,1,576,23,0.039930556,21,0.036458332,27,0.046875,105,0.18229167,64,8,0.125,7,0.109375,10,0.15625,20,0.3125,0,0,NaN,0,NaN,0,NaN,0,NaN,192,6,0.03125,0,0,6,0.03125,36,0.1875,64,2,0.03125,0,0,2,0.03125,12,0.1875,0,0,NaN,0,NaN,0,NaN,0,NaN,576,28,0.048611112,28,0.048611112,28,0.048611112,159,0.27604166,576,9,0.015625,18,0.03125,18,0.03125,27,0.046875,64,4,0.0625,3,0.046875,4,0.0625,20,0.3125,64,2,0.03125,2,0.03125,2,0.03125,12,0.1875,1440,0,0,0,0,0,0,80,0.055555556,9,2,0.22222222,2,0.22222222,2,0.22222222,7,0.7777778,64,1,0.015625,2,0.03125,2,0.03125,3,0.046875,64,0,0,2,0.03125,2,0.03125,0,0
3,3,3,3762,137,0.0364168,143,0.038011696,162,0.043062203,509,0.13530037,9,9,1,9,1,9,1,9,1,576,38,0.065972224,38,0.065972224,42,0.072916664,106,0.18402778,64,13,0.203125,13,0.203125,15,0.234375,23,0.359375,0,0,NaN,0,NaN,0,NaN,0,NaN,192,9,0.046875,0,0,9,0.046875,36,0.1875,64,3,0.046875,0,0,3,0.046875,12,0.1875,0,0,NaN,0,NaN,0,NaN,0,NaN,576,39,0.067708336,40,0.06944445,41,0.07118055,168,0.29166666,576,15,0.026041666,27,0.046875,27,0.046875,35,0.060763888,64,5,0.078125,5,0.078125,5,0.078125,17,0.265625,64,3,0.046875,3,0.046875,3,0.046875,12,0.1875,1440,0,0,0,0,0,0,80,0.055555556,9,2,0.22222222,2,0.22222222,2,0.22222222,7,0.7777778,64,1,0.015625,3,0.046875,3,0.046875,4,0.0625,64,0,0,3,0.046875,3,0.046875,0,0
3,3,3,3762,138,0.036682617,147,0.03907496,165,0.04385965,499,0.13264221,9,9,1,9,1,9,1,9,1,576,40,0.06944445,38,0.065972224,42,0.072916664,70,0.121527776,64,14,0.21875,13,0.203125,15,0.234375,16,0.25,0,0,NaN,0,NaN,0,NaN,0,NaN,192,9,0.046875,0,0,9,0.046875,21,0.109375,64,3,0.046875,0,0,3,0.046875,7,0.109375,0,0,NaN,0,NaN,0,NaN,0,NaN,576,39,0.067708336,44,0.07638889,44,0.07638889,124,0.21527778,576,13,0.022569444,27,0.046875,27,0.046875,27,0.046875,64,5,0.078125,5,0.078125,5,0.078125,11,0.171875,64,3,0.046875,3,0.046875,3,0.046875,7,0.109375,1440,0,0,0,0,0,0,200,0.1388889,9,2,0.22222222,2,0.22222222,2,0.22222222,4,0.44444445,64,1,0.015625,3,0.046875,3,0.046875,3,0.046875,64,0,0,3,0.046875,3,0.046875,0,0
3,3,3,3762,145,0.03854333,145,0.03854333,164,0.04359383,533,0.14167996,9,9,1,9,1,9,1,9,1,576,38,0.065972224,38,0.065972224,42,0.072916664,83,0.14409722,64,13,0.203125,13,0.203125,15,0.234375,20,0.3125,0,0,NaN,0,NaN,0,NaN,0,NaN,192,9,0.046875,0,0,9,0.046875,24,0.125,64,3,0.046875,0,0,3,0.046875,8,0.125,0,0,NaN,0,NaN,0,NaN,0,NaN,576,42,0.072916664,41,0.07118055,42,0.072916664,131,0.22743055,576,18,0.03125,27,0.046875,27,0.046875,27,0.046875,64,5,0.078125,5,0.078125,5,0.078125,14,0.21875,64,3,0.046875,3,0.046875,3,0.046875,8,0.125,1440,0,0,0,0,0,0,200,0.1388889,9,3,0.33333334,3,0.33333334,3,0.33333334,6,0.6666667,64,2,0.03125,3,0.046875,3,0.046875,3,0.046875,64,0,0,3,0.046875,3,0.046875,0,0
3,3,3,3762,138,0.036682617,147,0.03907496,166,0.044125464,484,0.12865497,9,9,1,9,1,9,1,9,1,576,36,0.0625,38,0.065972224,42,0.072916664,104,0.18055555,64,12,0.1875,13,0.203125,15,0.234375,23,0.359375,0,0,NaN,0,NaN,0,NaN,0,NaN,192,9,0.046875,0,0,9,0.046875,33,0.171875,64,3,0.046875,0,0,3,0.046875,11,0.171875,0,0,NaN,0,NaN,0,NaN,0,NaN,576,41,0.07118055,43,0.074652776,44,0.07638889,156,0.27083334,576,15,0.026041666,27,0.046875,27,0.046875,27,0.046875,64,5,0.078125,5,0.078125,5,0.078125,21,0.328125,64,3,0.046875,3,0.046875,3,0.046875,11,0.171875,1440,0,0,0,0,0,0,80,0.055555556,9,3,0.33333334,3,0.33333334,3,0.33333334,6,0.6666667,64,2,0.03125,3,0.046875,3,0.046875,3,0.046875,64,0,0,3,0.046875,3,0.046875,0,0
3,3,3,3762,145,0.03854333,149,0.039606594,167,0.044391282,541,0.14380649,9,9,1,9,1,9,1,9,1,576,40,0.06944445,38,0.065972224,42,0.072916664,120,0.20833333,64,14,0.21875,13,0.203125,15,0.234375,25,0.390625,0,0,NaN,0,NaN,0,NaN,0,NaN,192,9,0.046875,0,0,9,0.046875,39,0.203125,64,3,0.046875,0,0,3,0.046875,13,0.203125,0,0,NaN,0,NaN,0,NaN,0,NaN,576,41,0.07118055,44,0.07638889,44,0.07638889,172,0.2986111,576,15,0.026041666,27,0.046875,27,0.046875,36,0.0625,64,6,0.09375,6,0.09375,6,0.09375,23,0.359375,64,3,0.046875,3,0.046875,3,0.046875,13,0.203125,1440,0,0,0,0,0,0,80,0.055555556,9,3,0.33333334,3,0.33333334,3,0.33333334,7,0.7777778,64,2,0.03125,3,0.046875,3,0.046875,4,0.0625,64,0,0,3,0.046875,3,0.046875,0,0
2,2,2,3762,87,0.023125997,103,0.027379055,117,0.031100478,489,0.12998405,9,9,1,9,1,9,1,9,1,576,23,0.039930556,25,0.043402776,29,0.050347224,70,0.121527776,64,8,0.125,9,0.140625,11,0.171875,16,0.25,0,0,NaN,0,NaN,0,NaN,0,NaN,192,6,0.03125,0,0,6,0.03125,21,0.109375,64,2,0.03125,0,0,2,0.03125,7,0.109375,0,0,NaN,0,NaN,0,NaN,0,NaN,576,25,0.043402776,29,0.050347224,29,0.050347224,120,0.20833333,576,5,0.008680556,18,0.03125,18,0.03125,18,0.03125,64,4,0.0625,5,0.078125,5,0.078125,14,0.21875,64,2,0.03125,2,0.03125,2,0.03125,7,0.109375,1440,0,0,0,0,0,0,200,0.1388889,9,2,0.22222222,2,0.22222222,2,0.22222222,5,0.5555556,64,1,0.015625,2,0.03125,2,0.03125,2,0.03125,64,0,0,2,0.03125,2,0.03125,0,0
2,2,2,3762,94,0.024986709,93,0.024720892,110,0.029239766,429,0.114035085,9,9,1,9,1,9,1,9,1,576,29,0.050347224,23,0.039930556,29,0.050347224,79,0.13715278,64,11,0.171875,8,0.125,11,0.171875,19,0.296875,0,0,NaN,0,NaN,0,NaN,0,NaN,192,6,0.03125,0,0,6,0.03125,30,0.15625,64,2,0.03125,0,0,2,0.03125,10,0.15625,0,0,NaN,0,NaN,0,NaN,0,NaN,576,22,0.038194444,24,0.041666668,24,0.041666668,143,0.2482639,576,7,0.012152778,18,0.03125,18,0.03125,27,0.046875,64,3,0.046875,3,0.046875,3,0.046875,15,0.234375,64,2,0.03125,2,0.03125,2,0.03125,10,0.15625,1440,0,0,0,0,0,0,80,0.055555556,9,2,0.22222222,2,0.22222222,2,0.22222222,5,0.5555556,64,1,0.015625,2,0.03125,2,0.03125,2,0.03125,64,0,0,2,0.03125,2,0.03125,0,0
2,2,2,3762,84,0.022328548,91,0.024189262,102,0.027113238,483,0.12838915,9,8,0.8888889,7,0.7777778,9,1,9,1,576,22,0.038194444,22,0.038194444,22,0.038194444,100,0.1736111,64,4,0.0625,4,0.0625,4,0.0625,14,0.21875,0,0,NaN,0,NaN,0,NaN,0,NaN,192,6,0.03125,0,0,6,0.03125,36,0.1875,64,2,0.03125,0,0,2,0.03125,12,0.1875,0,0,NaN,0,NaN,0,NaN,0,NaN,576,27,0.046875,29,0.050347224,30,0.052083332,162,0.28125,576,7,0.012152778,18,0.03125,18,0.03125,27,0.046875,64,3,0.046875,3,0.046875,3,0.046875,21,0.328125,64,2,0.03125,2,0.03125,2,0.03125,12,0.1875,1440,0,0,0,0,0,0,80,0.055555556,9,2,0.22222222,2,0.22222222,2,0.22222222,7,0.7777778,64,1,0.015625,2,0.03125,2,0.03125,3,0.046875,64,0,0,2,0.03125,2,0.03125,0,0
2,2,2,3762,93,0.024720892,105,0.027910685,113,0.030037215,455,0.1209463,9,9,1,9,1,9,1,9,1,576,24,0.041666668,28,0.048611112,28,0.048611112,58,0.10069445,64,8,0.125,10,0.15625,10,0.15625,11,0.171875,0,0,NaN,0,NaN,0,NaN,0,NaN,192,6,0.03125,0,0,6,0.03125,18,0.09375,64,2,0.03125,0,0,2,0.03125,6,0.09375,0,0,NaN,0,NaN,0,NaN,0,NaN,576,28,0.048611112,29,0.050347224,29,0.050347224,113,0.19618055,576,8,0.013888889,18,0.03125,18,0.03125,18,0.03125,64,4,0.0625,4,0.0625,4,0.0625,11,0.171875,64,2,0.03125,2,0.03125,2,0.03125,6,0.09375,1440,0,0,0,0,0,0,200,0.1388889,9,1,0.11111111,1,0.11111111,1,0.11111111,3,0.33333334,64,1,0.015625,2,0.03125,2,0.03125,2,0.03125,64,0,0,2,0.03125,2,0.03125,0,0
3,3,3,3762,139,0.03694843,147,0.03907496,162,0.043062203,689,0.18314727,9,9,1,9,1,9,1,9,1,576,42,0.072916664,42,0.072916664,44,0.07638889,81,0.140625,64,16,0.25,16,0.25,17,0.265625,26,0.40625,0,0,NaN,0,NaN,0,NaN,0,NaN,192,9,0.046875,0,0,9,0.046875,18,0.09375,64,3,0.046875,0,0,3,0.046875,6,0.09375,0,0,NaN,0,NaN,0,NaN,0,NaN,576,34,0.059027776,37,0.06423611,37,0.06423611,129,0.22395833,576,14,0.024305556,27,0.046875,27,0.046875,33,0.057291668,64,4,0.0625,4,0.0625,4,0.0625,12,0.1875,64,3,0.046875,3,0.046875,3,0.046875,6,0.09375,1440,0,0,0,0,0,0,360,0.25,9,3,0.33333334,3,0.33333334,3,0.33333334,5,0.5555556,64,2,0.03125,3,0.046875,3,0.046875,4,0.0625,64,0,0,3,0.046875,3,0.046875,0,0
3,3,3,3762,143,0.038011696,148,0.039340775,160,0.04253057,528,0.14035088,9,9,1,9,1,9,1,9,1,576,42,0.072916664,44,0.07638889,44,0.07638889,85,0.14756945,64,16,0.25,17,0.265625,17,0.265625,22,0.34375,0,0,NaN,0,NaN,0,NaN,0,NaN,192,9,0.046875,0,0,9,0.046875,24,0.125,64,3,0.046875,0,0,3,0.046875,8,0.125,0,0,NaN,0,NaN,0,NaN,0,NaN,576,35,0.060763888,35,0.060763888,35,0.060763888,126,0.21875,576,17,0.029513888,27,0.046875,27,0.046875,26,0.045138888,64,4,0.0625,4,0.0625,4,0.0625,13,0.203125,64,3,0.046875,3,0.046875,3,0.046875,8,0.125,1440,0,0,0,0,0,0,200,0.1388889,9,3,0.33333334,3,0.33333334,3,0.33333334,4,0.44444445,64,2,0.03125,3,0.046875,3,0.046875,3,0.046875,64,0,0,3,0.046875,3,0.046875,0,0
3,3,3,3762,149,0.039606594,148,0.039340775,165,0.04385965,690,0.18341307,9,9,1,9,1,9,1,9,1,576,44,0.07638889,42,0.072916664,44,0.07638889,81,0.140625,64,17,0.265625,16,0.25,17,0.265625,26,0.40625,0,0,NaN,0,NaN,0,NaN,0,NaN,192,9,0.046875,0,0,9,0.046875,18,0.09375,64,3,0.046875,0,0,3,0.046875,6,0.09375,0,0,NaN,0,NaN,0,NaN,0,NaN,576,38,0.065972224,37,0.06423611,39,0.067708336,129,0.22395833,576,16,0.027777778,27,0.046875,27,0.046875,33,0.057291668,64,5,0.078125,5,0.078125,5,0.078125,13,0.203125,64,3,0.046875,3,0.046875,3,0.046875,6,0.09375,1440,0,0,0,0,0,0,360,0.25,9,3,0.33333334,3,0.33333334,3,0.33333334,5,0.5555556,64,2,0.03125,3,0.046875,3,0.046875,4,0.0625,64,0,0,3,0.046875,3,0.046875,0,0
3,3,3,3762,140,0.03721425,134,0.035619352,161,0.042796385,436,0.1158958,9,9,1,9,1,9,1,9,1,576,40,0.06944445,40,0.06944445,42,0.072916664,92,0.15972222,64,15,0.234375,16,0.25,16,0.25,18,0.28125,0,0,NaN,0,NaN,0,NaN,0,NaN,192,9,0.046875,0,0,9,0.046875,30,0.15625,64,3,0.046875,0,0,3,0.046875,10,0.15625,0,0,NaN,0,NaN,0,NaN,0,NaN,576,36,0.0625,27,0.046875,38,0.065972224,137,0.23784722,576,15,0.026041666,27,0.046875,27,0.046875,26,0.045138888,64,6,0.09375,5,0.078125,6,0.09375,17,0.265625,64,3,0.046875,2,0.03125,3,0.046875,10,0.15625,1440,0,0,0,0,0,0,80,0.055555556,9,2,0.22222222,2,0.22222222,2,0.22222222,5,0.5555556,64,2,0.03125,3,0.046875,3,0.046875,2,0.03125,64,0,0,3,0.046875,3,0.046875,0,0
3,3,3,3762,145,0.03854333,135,0.035885166,162,0.043062203,434,0.11536417,9,9,1,9,1,9,1,9,1,576,40,0.06944445,40,0.06944445,42,0.072916664,92,0.15972222,64,15,0.234375,16,0.25,16,0.25,18,0.28125,0,0,NaN,0,NaN,0,NaN,0,NaN,192,9,0.046875,0,0,9,0.046875,30,0.15625,64,3,0.046875,0,0,3,0.046875,10,0.15625,0,0,NaN,0,NaN,0,NaN,0,NaN,576,39,0.067708336,28,0.048611112,39,0.067708336,135,0.234375,576,17,0.029513888,27,0.046875,27,0.046875,26,0.045138888,64,6,0.09375,5,0.078125,6,0.09375,17,0.265625,64,3,0.046875,2,0.03125,3,0.046875,10,0.15625,1440,0,0,0,0,0,0,80,0.055555556,9,2,0.22222222,2,0.22222222,2,0.22222222,5,0.5555556,64,2,0.03125,3,0.046875,3,0.046875,2,0.03125,64,0,0,3,0.046875,3,0.046875,0,0
3,3,3,3762,140,0.03721425,149,0.039606594,161,0.042796385,626,0.16640085,9,9,1,9,1,9,1,9,1,576,42,0.072916664,44,0.07638889,44,0.07638889,102,0.17708333,64,16,0.25,17,0.265625,17,0.265625,27,0.421875,0,0,NaN,0,NaN,0,NaN,0,NaN,192,9,0.046875,0,0,9,0.046875,27,0.140625,64,3,0.046875,0,0,3,0.046875,9,0.140625,0,0,NaN,0,NaN,0,NaN,0,NaN,576,34,0.059027776,36,0.0625,36,0.0625,145,0.2517361,576,15,0.026041666,27,0.046875,27,0.046875,35,0.060763888,64,4,0.0625,4,0.0625,4,0.0625,13,0.203125,64,3,0.046875,3,0.046875,3,0.046875,9,0.140625,1440,0,0,0,0,0,0,240,0.16666667,9,3,0.33333334,3,0.33333334,3,0.33333334,6,0.6666667,64,2,0.03125,3,0.046875,3,0.046875,4,0.0625,64,0,0,3,0.046875,3,0.046875,0,0
3,3,3,3762,137,0.0364168,153,0.040669855,165,0.04385965,456,0.121212125,9,9,1,9,1,9,1,9,1,576,40,0.06944445,44,0.07638889,44,0.07638889,80,0.1388889,64,15,0.234375,17,0.265625,17,0.265625,18,0.28125,0,0,NaN,0,NaN,0,NaN,0,NaN,192,9,0.046875,0,0,9,0.046875,27,0.140625,64,3,0.046875,0,0,3,0.046875,9,0.140625,0,0,NaN,0,NaN,0,NaN,0,NaN,576,36,0.0625,39,0.067708336,39,0.067708336,135,0.234375,576,13,0.022569444,27,0.046875,27,0.046875,26,0.045138888,64,5,0.078125,6,0.09375,6,0.09375,14,0.21875,64,3,0.046875,3,0.046875,3,0.046875,9,0.140625,1440,0,0,0,0,0,0,120,0.083333336,9,2,0.22222222,2,0.22222222,2,0.22222222,6,0.6666667,64,2,0.03125,3,0.046875,3,0.046875,3,0.046875,64,0,0,3,0.046875,3,0.046875,0,0
3,3,3,3762,137,0.0364168,144,0.03827751,156,0.041467305,499,0.13264221,9,9,1,9,1,9,1,9,1,576,42,0.072916664,44,0.07638889,44,0.07638889,74,0.12847222,64,16,0.25,17,0.265625,17,0.265625,18,0.28125,0,0,NaN,0,NaN,0,NaN,0,NaN,192,9,0.046875,0,0,9,0.046875,21,0.109375,64,3,0.046875,0,0,3,0.046875,7,0.109375,0,0,NaN,0,NaN,0,NaN,0,NaN,576,31,0.053819444,32,0.055555556,32,0.055555556,118,0.2048611,576,16,0.027777778,27,0.046875,27,0.046875,26,0.045138888,64,4,0.0625,4,0.0625,4,0.0625,12,0.1875,64,3,0.046875,3,0.046875,3,0.046875,7,0.109375,1440,0,0,0,0,0,0,200,0.1388889,9,2,0.22222222,2,0.22222222,2,0.22222222,4,0.44444445,64,2,0.03125,3,0.046875,3,0.046875,3,0.046875,64,0,0,3,0.046875,3,0.046875,0,0
2,2,2,3762,92,0.024455078,101,0.026847422,112,0.029771399,494,0.13131313,9,9,1,9,1,9,1,9,1,576,24,0.041666668,26,0.045138888,28,0.048611112,106,0.18402778,64,8,0.125,9,0.140625,10,0.15625,20,0.3125,0,0,NaN,0,NaN,0,NaN,0,NaN,192,6,0.03125,0,0,6,0.03125,36,0.1875,64,2,0.03125,0,0,2,0.03125,12,0.1875,0,0,NaN,0,NaN,0,NaN,0,NaN,576,26,0.045138888,27,0.046875,27,0.046875,159,0.27604166,576,8,0.013888889,18,0.03125,18,0.03125,27,0.046875,64,4,0.0625,4,0.0625,4,0.0625,22,0.34375,64,2,0.03125,2,0.03125,2,0.03125,12,0.1875,1440,0,0,0,0,0,0,80,0.055555556,9,2,0.22222222,2,0.22222222,2,0.22222222,8,0.8888889,64,1,0.015625,2,0.03125,2,0.03125,3,0.046875,64,0,0,2,0.03125,2,0.03125,0,0
2,2,2,3762,91,0.024189262,97,0.025784157,109,0.02897395,492,0.1307815,9,9,1,9,1,9,1,9,1,576,24,0.041666668,26,0.045138888,28,0.048611112,106,0.18402778,64,8,0.125,9,0.140625,10,0.15625,20,0.3125,0,0,NaN,0,NaN,0,NaN,0,NaN,192,6,0.03125,0,0,6,0.03125,36,0.1875,64,2,0.03125,0,0,2,0.03125,12,0.1875,0,0,NaN,0,NaN,0,NaN,0,NaN,576,25,0.043402776,24,0.041666668,25,0.043402776,158,0.27430555,576,9,0.015625,18,0.03125,18,0.03125,27,0.046875,64,3,0.046875,3,0.046875,3,0.046875,21,0.328125,64,2,0.03125,2,0.03125,2,0.03125,12,0.1875,1440,0,0,0,0,0,0,80,0.055555556,9,2,0.22222222,2,0.22222222,2,0.22222222,8,0.8888889,64,1,0.015625,2,0.03125,2,0.03125,3,0.046875,64,0,0,2,0.03125,2,0.03125,0,0
3,3,3,3762,147,0.03907496,148,0.039340775,167,0.044391282,480,0.1275917,9,9,1,9,1,9,1,9,1,576,41,0.07118055,39,0.067708336,43,0.074652776,105,0.18229167,64,16,0.25,15,0.234375,17,0.265625,25,0.390625,0,0,NaN,0,NaN,0,NaN,0,NaN,192,9,0.046875,0,0,9,0.046875,33,0.171875,64,3,0.046875,0,0,3,0.046875,11,0.171875,0,0,NaN,0,NaN,0,NaN,0,NaN,576,42,0.072916664,42,0.072916664,43,0.074652776,153,0.265625,576,16,0.027777778,27,0.046875,27,0.046875,26,0.045138888,64,4,0.0625,4,0.0625,4,0.0625,18,0.28125,64,3,0.046875,3,0.046875,3,0.046875,11,0.171875,1440,0,0,0,0,0,0,80,0.055555556,9,3,0.33333334,3,0.33333334,3,0.33333334,6,0.6666667,64,1,0.015625,3,0.046875,3,0.046875,3,0.046875,64,0,0,3,0.046875,3,0.046875,0,0
3,3,3,3762,150,0.039872408,157,0.04173312,172,0.04572036,698,0.1855396,9,9,1,9,1,9,1,9,1,576,43,0.074652776,43,0.074652776,45,0.078125,82,0.1423611,64,17,0.265625,17,0.265625,18,0.28125,27,0.421875,0,0,NaN,0,NaN,0,NaN,0,NaN,192,9,0.046875,0,0,9,0.046875,18,0.09375,64,3,0.046875,0,0,3,0.046875,6,0.09375,0,0,NaN,0,NaN,0,NaN,0,NaN,576,41,0.07118055,44,0.07638889,44,0.07638889,134,0.2326389,576,15,0.026041666,27,0.046875,27,0.046875,34,0.059027776,64,5,0.078125,5,0.078125,5,0.078125,13,0.203125,64,3,0.046875,3,0.046875,3,0.046875,6,0.09375,1440,0,0,0,0,0,0,360,0.25,9,3,0.33333334,3,0.33333334,3,0.33333334,5,0.5555556,64,2,0.03125,3,0.046875,3,0.046875,4,0.0625,64,0,0,3,0.046875,3,0.046875,0,0
3,3,3,3762,151,0.040138226,150,0.039872408,169,0.044922914,483,0.12838915,9,9,1,9,1,9,1,9,1,576,41,0.07118055,39,0.067708336,43,0.074652776,105,0.18229167,64,16,0.25,15,0.234375,17,0.265625,25,0.390625,0,0,NaN,0,NaN,0,NaN,0,NaN,192,9,0.046875,0,0,9,0.046875,33,0.171875,64,3,0.046875,0,0,3,0.046875,11,0.171875,0,0,NaN,0,NaN,0,NaN,0,NaN,576,44,0.07638889,44,0.07638889,45,0.078125,155,0.2690972,576,17,0.029513888,27,0.046875,27,0.046875,27,0.046875,64,4,0.0625,4,0.0625,4,0.0625,18,0.28125,64,3,0.046875,3,0.046875,3,0.046875,11,0.171875,1440,0,0,0,0,0,0,80,0.055555556,9,3,0.33333334,3,0.33333334,3,0.33333334,6,0.6666667,64,2,0.03125,3,0.046875,3,0.046875,3,0.046875,64,0,0,3,0.046875,3,0.046875,0,0
3,3,3,3762,147,0.03907496,145,0.03854333,166,0.044125464,478,0.12706007,9,9,1,9,1,9,1,9,1,576,43,0.074652776,39,0.067708336,45,0.078125,107,0.1857639,64,17,0.265625,15,0.234375,18,0.28125,26,0.40625,0,0,NaN,0,NaN,0,NaN,0,NaN,192,9,0.046875,0,0,9,0.046875,33,0.171875,64,3,0.046875,0,0,3,0.046875,11,0.171875,0,0,NaN,0,NaN,0,NaN,0,NaN,576,39,0.067708336,39,0.067708336,39,0.067708336,149,0.25868055,576,16,0.027777778,27,0.046875,27,0.046875,26,0.045138888,64,4,0.0625,4,0.0625,4,0.0625,18,0.28125,64,3,0.046875,3,0.046875,3,0.046875,11,0.171875,1440,0,0,0,0,0,0,80,0.055555556,9,3,0.33333334,3,0.33333334,3,0.33333334,6,0.6666667,64,1,0.015625,3,0.046875,3,0.046875,2,0.03125,64,0,0,3,0.046875,3,0.046875,0,0
3,3,3,3762,152,0.04040404,156,0.041467305,168,0.044657096,484,0.12865497,9,9,1,9,1,9,1,9,1,576,43,0.074652776,45,0.078125,45,0.078125,95,0.16493055,64,17,0.265625,18,0.28125,18,0.28125,26,0.40625,0,0,NaN,0,NaN,0,NaN,0,NaN,192,9,0.046875,0,0,9,0.046875,33,0.171875,64,3,0.046875,0,0,3,0.046875,11,0.171875,0,0,NaN,0,NaN,0,NaN,0,NaN,576,41,0.07118055,41,0.07118055,41,0.07118055,158,0.27430555,576,18,0.03125,27,0.046875,27,0.046875,36,0.0625,64,4,0.0625,4,0.0625,4,0.0625,16,0.25,64,3,0.046875,3,0.046875,3,0.046875,11,0.171875,1440,0,0,0,0,0,0,80,0.055555556,9,3,0.33333334,3,0.33333334,3,0.33333334,6,0.6666667,64,2,0.03125,3,0.046875,3,0.046875,3,0.046875,64,0,0,3,0.046875,3,0.046875,0,0
3,3,3,3762,140,0.03721425,153,0.040669855,169,0.044922914,691,0.1836789,9,9,1,9,1,9,1,9,1,576,39,0.067708336,43,0.074652776,45,0.078125,80,0.1388889,64,15,0.234375,17,0.265625,18,0.28125,26,0.40625,0,0,NaN,0,NaN,0,NaN,0,NaN,192,9,0.046875,0,0,9,0.046875,18,0.09375,64,3,0.046875,0,0,3,0.046875,6,0.09375,0,0,NaN,0,NaN,0,NaN,0,NaN,576,39,0.067708336,41,0.07118055,42,0.072916664,132,0.22916667,576,14,0.024305556,27,0.046875,27,0.046875,33,0.057291668,64,4,0.0625,4,0.0625,4,0.0625,12,0.1875,64,3,0.046875,3,0.046875,3,0.046875,6,0.09375,1440,0,0,0,0,0,0,360,0.25,9,3,0.33333334,3,0.33333334,3,0.33333334,5,0.5555556,64,2,0.03125,3,0.046875,3,0.046875,4,0.0625,64,0,0,3,0.046875,3,0.046875,0,0
3,3,3,3762,142,0.037745878,149,0.039606594,172,0.04572036,486,0.1291866,9,9,1,9,1,9,1,9,1,576,41,0.07118055,39,0.067708336,45,0.078125,107,0.1857639,64,16,0.25,15,0.234375,18,0.28125,26,0.40625,0,0,NaN,0,NaN,0,NaN,0,NaN,192,9,0.046875,0,0,9,0.046875,33,0.171875,64,3,0.046875,0,0,3,0.046875,11,0.171875,0,0,NaN,0,NaN,0,NaN,0,NaN,576,40,0.06944445,43,0.074652776,45,0.078125,155,0.2690972,576,13,0.022569444,27,0.046875,27,0.046875,27,0.046875,64,4,0.0625,4,0.0625,4,0.0625,18,0.28125,64,3,0.046875,3,0.046875,3,0.046875,11,0.171875,1440,0,0,0,0,0,0,80,0.055555556,9,3,0.33333334,3,0.33333334,3,0.33333334,6,0.6666667,64,1,0.015625,3,0.046875,3,0.046875,3,0.046875,64,0,0,3,0.046875,3,0.046875,0,0
3,3,3,3762,150,0.039872408,154,0.040935673,170,0.04518873,539,0.14327486,9,9,1,9,1,9,1,9,1,576,43,0.074652776,43,0.074652776,45,0.078125,86,0.14930555,64,17,0.265625,17,0.265625,18,0.28125,23,0.359375,0,0,NaN,0,NaN,0,NaN,0,NaN,192,9,0.046875,0,0,9,0.046875,24,0.125,64,3,0.046875,0,0,3,0.046875,8,0.125,0,0,NaN,0,NaN,0,NaN,0,NaN,576,41,0.07118055,42,0.072916664,43,0.074652776,133,0.23090278,576,16,0.027777778,27,0.046875,27,0.046875,27,0.046875,64,4,0.0625,4,0.0625,4,0.0625,13,0.203125,64,3,0.046875,3,0.046875,3,0.046875,8,0.125,1440,0,0,0,0,0,0,200,0.1388889,9,3,0.33333334,3,0.33333334,3,0.33333334,5,0.5555556,64,2,0.03125,3,0.046875,3,0.046875,3,0.046875,64,0,0,3,0.046875,3,0.046875,0,0
3,3,3,3762,139,0.03694843,156,0.041467305,171,0.045454547,541,0.14380649,9,9,1,9,1,9,1,9,1,576,37,0.06423611,43,0.074652776,45,0.078125,86,0.14930555,64,14,0.21875,17,0.265625,18,0.28125,23,0.359375,0,0,NaN,0,NaN,0,NaN,0,NaN,192,9,0.046875,0,0,9,0.046875,24,0.125,64,3,0.046875,0,0,3,0.046875,8,0.125,0,0,NaN,0,NaN,0,NaN,0,NaN,576,40,0.06944445,43,0.074652776,43,0.074652776,133,0.23090278,576,15,0.026041666,27,0.046875,27,0.046875,27,0.046875,64,4,0.0625,5,0.078125,5,0.078125,15,0.234375,64,3,0.046875,3,0.046875,3,0.046875,8,0.125,1440,0,0,0,0,0,0,200,0.1388889,9,3,0.33333334,3,0.33333334,3,0.33333334,5,0.5555556,64,2,0.03125,3,0.046875,3,0.046875,3,0.046875,64,0,0,3,0.046875,3,0.046875,0,0
3,3,3,3762,144,0.03827751,148,0.039340775,160,0.04253057,539,0.14327486,9,9,1,9,1,9,1,9,1,576,39,0.067708336,41,0.07118055,41,0.07118055,119,0.20659722,64,13,0.203125,14,0.21875,14,0.21875,24,0.375,0,0,NaN,0,NaN,0,NaN,0,NaN,192,9,0.046875,0,0,9,0.046875,39,0.203125,64,3,0.046875,0,0,3,0.046875,13,0.203125,0,0,NaN,0,NaN,0,NaN,0,NaN,576,41,0.07118055,41,0.07118055,41,0.07118055,171,0.296875,576,18,0.03125,27,0.046875,27,0.046875,36,0.0625,64,4,0.0625,4,0.0625,4,0.0625,22,0.34375,64,3,0.046875,3,0.046875,3,0.046875,13,0.203125,1440,0,0,0,0,0,0,80,0.055555556,9,3,0.33333334,3,0.33333334,3,0.33333334,9,1,64,2,0.03125,3,0.046875,3,0.046875,4,0.0625,64,0,0,3,0.046875,3,0.046875,0,0
3,3,3,3762,131,0.0348219,149,0.039606594,161,0.042796385,454,0.12068049,9,9,1,9,1,9,1,9,1,576,37,0.06423611,41,0.07118055,41,0.07118055,81,0.140625,64,12,0.1875,14,0.21875,14,0.21875,15,0.234375,0,0,NaN,0,NaN,0,NaN,0,NaN,192,9,0.046875,0,0,9,0.046875,27,0.140625,64,3,0.046875,0,0,3,0.046875,9,0.140625,0,0,NaN,0,NaN,0,NaN,0,NaN,576,37,0.06423611,42,0.072916664,42,0.072916664,135,0.234375,576,13,0.022569444,27,0.046875,27,0.046875,27,0.046875,64,4,0.0625,5,0.078125,5,0.078125,13,0.203125,64,3,0.046875,3,0.046875,3,0.046875,9,0.140625,1440,0,0,0,0,0,0,120,0.083333336,9,2,0.22222222,2,0.22222222,2,0.22222222,6,0.6666667,64,2,0.03125,3,0.046875,3,0.046875,3,0.046875,64,0,0,3,0.046875,3,0.046875,0,0
3,3,3,3762,135,0.035885166,151,0.040138226,163,0.043328017,476,0.12652844,9,9,1,9,1,9,1,9,1,576,35,0.060763888,41,0.07118055,41,0.07118055,103,0.17881945,64,11,0.171875,14,0.21875,14,0.21875,22,0.34375,0,0,NaN,0,NaN,0,NaN,0,NaN,192,9,0.046875,0,0,9,0.046875,33,0.171875,64,3,0.046875,0,0,3,0.046875,11,0.171875,0,0,NaN,0,NaN,0,NaN,0,NaN,576,41,0.07118055,44,0.07638889,44,0.07638889,154,0.2673611,576,15,0.026041666,27,0.046875,27,0.046875,27,0.046875,64,4,0.0625,4,0.0625,4,0.0625,18,0.28125,64,3,0.046875,3,0.046875,3,0.046875,11,0.171875,1440,0,0,0,0,0,0,80,0.055555556,9,3,0.33333334,3,0.33333334,3,0.33333334,5,0.5555556,64,2,0.03125,3,0.046875,3,0.046875,3,0.046875,64,0,0,3,0.046875,3,0.046875,0,0
3,3,3,3762,132,0.03508772,147,0.03907496,159,0.042264752,500,0.13290803,9,9,1,9,1,9,1,9,1,576,37,0.06423611,41,0.07118055,41,0.07118055,71,0.12326389,64,12,0.1875,14,0.21875,14,0.21875,15,0.234375,0,0,NaN,0,NaN,0,NaN,0,NaN,192,9,0.046875,0,0,9,0.046875,21,0.109375,64,3,0.046875,0,0,3,0.046875,7,0.109375,0,0,NaN,0,NaN,0,NaN,0,NaN,576,37,0.06423611,41,0.07118055,41,0.07118055,125,0.2170139,576,14,0.024305556,27,0.046875,27,0.046875,27,0.046875,64,4,0.0625,4,0.0625,4,0.0625,11,0.171875,64,3,0.046875,3,0.046875,3,0.046875,7,0.109375,1440,0,0,0,0,0,0,200,0.1388889,9,2,0.22222222,2,0.22222222,2,0.22222222,4,0.44444445,64,2,0.03125,3,0.046875,3,0.046875,3,0.046875,64,0,0,3,0.046875,3,0.046875,0,0
3,3,3,3762,138,0.036682617,133,0.035353534,161,0.042796385,496,0.13184476,9,9,1,9,1,9,1,9,1,576,37,0.06423611,36,0.0625,41,0.07118055,71,0.12326389,64,12,0.1875,14,0.21875,14,0.21875,15,0.234375,0,0,NaN,0,NaN,0,NaN,0,NaN,192,9,0.046875,0,0,9,0.046875,21,0.109375,64,3,0.046875,0,0,3,0.046875,7,0.109375,0,0,NaN,0,NaN,0,NaN,0,NaN,576,41,0.07118055,34,0.059027776,43,0.074652776,121,0.21006945,576,16,0.027777778,27,0.046875,27,0.046875,27,0.046875,64,4,0.0625,3,0.046875,4,0.0625,12,0.1875,64,3,0.046875,2,0.03125,3,0.046875,7,0.109375,1440,0,0,0,0,0,0,200,0.1388889,9,2,0.22222222,2,0.22222222,2,0.22222222,4,0.44444445,64,2,0.03125,3,0.046875,3,0.046875,2,0.03125,64,0,0,3,0.046875,3,0.046875,0,0
3,3,3,3762,140,0.03721425,151,0.040138226,165,0.04385965,479,0.12732589,9,9,1,9,1,9,1,9,1,576,34,0.059027776,42,0.072916664,42,0.072916664,104,0.18055555,64,12,0.1875,16,0.25,16,0.25,24,0.375,0,0,NaN,0,NaN,0,NaN,0,NaN,192,9,0.046875,0,0,9,0.046875,33,0.171875,64,3,0.046875,0,0,3,0.046875,11,0.171875,0,0,NaN,0,NaN,0,NaN,0,NaN,576,43,0.074652776,41,0.07118055,43,0.074652776,153,0.265625,576,18,0.03125,27,0.046875,27,0.046875,27,0.046875,64,4,0.0625,4,0.0625,4,0.0625,18,0.28125,64,3,0.046875,3,0.046875,3,0.046875,11,0.171875,1440,0,0,0,0,0,0,80,0.055555556,9,3,0.33333334,3,0.33333334,3,0.33333334,6,0.6666667,64,2,0.03125,3,0.046875,3,0.046875,3,0.046875,64,0,0,3,0.046875,3,0.046875,0,0
3,3,3,3762,134,0.035619352,136,0.036150984,164,0.04359383,426,0.11323764,9,9,1,9,1,9,1,9,1,576,32,0.055555556,38,0.065972224,42,0.072916664,76,0.13194445,64,11,0.171875,15,0.234375,16,0.25,17,0.265625,0,0,NaN,0,NaN,0,NaN,0,NaN,192,9,0.046875,0,0,9,0.046875,30,0.15625,64,3,0.046875,0,0,3,0.046875,10,0.15625,0,0,NaN,0,NaN,0,NaN,0,NaN,576,42,0.072916664,33,0.057291668,42,0.072916664,146,0.2534722,576,17,0.029513888,27,0.046875,27,0.046875,26,0.045138888,64,4,0.0625,4,0.0625,5,0.078125,15,0.234375,64,3,0.046875,2,0.03125,3,0.046875,10,0.15625,1440,0,0,0,0,0,0,80,0.055555556,9,2,0.22222222,2,0.22222222,2,0.22222222,5,0.5555556,64,2,0.03125,3,0.046875,3,0.046875,2,0.03125,64,0,0,3,0.046875,3,0.046875,0,0
3,3,3,3762,140,0.03721425,157,0.04173312,170,0.04518873,697,0.1852738,9,9,1,9,1,9,1,9,1,576,34,0.059027776,44,0.07638889,44,0.07638889,81,0.140625,64,12,0.1875,17,0.265625,17,0.265625,26,0.40625,0,0,NaN,0,NaN,0,NaN,0,NaN,192,9,0.046875,0,0,9,0.046875,18,0.09375,64,3,0.046875,0,0,3,0.046875,6,0.09375,0,0,NaN,0,NaN,0,NaN,0,NaN,576,44,0.07638889,44,0.07638889,45,0.078125,136,0.2361111,576,17,0.029513888,27,0.046875,27,0.046875,34,0.059027776,64,4,0.0625,4,0.0625,4,0.0625,12,0.1875,64,3,0.046875,3,0.046875,3,0.046875,6,0.09375,1440,0,0,0,0,0,0,360,0.25,9,3,0.33333334,3,0.33333334,3,0.33333334,5,0.5555556,64,2,0.03125,3,0.046875,3,0.046875,4,0.0625,64,0,0,3,0.046875,3,0.046875,0,0
3,3,3,3762,148,0.039340775,150,0.039872408,165,0.04385965,631,0.16772993,9,9,1,9,1,9,1,9,1,576,44,0.07638889,42,0.072916664,44,0.07638889,102,0.17708333,64,17,0.265625,16,0.25,17,0.265625,27,0.421875,0,0,NaN,0,NaN,0,NaN,0,NaN,192,9,0.046875,0,0,9,0.046875,27,0.140625,64,3,0.046875,0,0,3,0.046875,9,0.140625,0,0,NaN,0,NaN,0,NaN,0,NaN,576,38,0.065972224,40,0.06944445,40,0.06944445,148,0.25694445,576,16,0.027777778,27,0.046875,27,0.046875,36,0.0625,64,4,0.0625,4,0.0625,4,0.0625,13,0.203125,64,3,0.046875,3,0.046875,3,0.046875,9,0.140625,1440,0,0,0,0,0,0,240,0.16666667,9,3,0.33333334,3,0.33333334,3,0.33333334,7,0.7777778,64,2,0.03125,3,0.046875,3,0.046875,4,0.0625,64,0,0,3,0.046875,3,0.046875,0,0
3,3,3,3762,151,0.040138226,136,0.036150984,167,0.044391282,440,0.116959065,9,9,1,9,1,9,1,9,1,576,44,0.07638889,38,0.065972224,44,0.07638889,78,0.13541667,64,17,0.265625,15,0.234375,17,0.265625,18,0.28125,0,0,NaN,0,NaN,0,NaN,0,NaN,192,9,0.046875,0,0,9,0.046875,30,0.15625,64,3,0.046875,0,0,3,0.046875,10,0.15625,0,0,NaN,0,NaN,0,NaN,0,NaN,576,42,0.072916664,34,0.059027776,43,0.074652776,147,0.25520834,576,17,0.029513888,27,0.046875,27,0.046875,36,0.0625,64,4,0.0625,3,0.046875,4,0.0625,15,0.234375,64,3,0.046875,2,0.03125,3,0.046875,10,0.15625,1440,0,0,0,0,0,0,80,0.055555556,9,2,0.22222222,2,0.22222222,2,0.22222222,5,0.5555556,64,1,0.015625,3,0.046875,3,0.046875,2,0.03125,64,0,0,3,0.046875,3,0.046875,0,0
3,3,3,3762,140,0.03721425,156,0.041467305,171,0.045454547,634,0.16852738,9,9,1,9,1,9,1,9,1,576,34,0.059027776,42,0.072916664,44,0.07638889,102,0.17708333,64,12,0.1875,16,0.25,17,0.265625,27,0.421875,0,0,NaN,0,NaN,0,NaN,0,NaN,192,9,0.046875,0,0,9,0.046875,27,0.140625,64,3,0.046875,0,0,3,0.046875,9,0.140625,0,0,NaN,0,NaN,0,NaN,0,NaN,576,44,0.07638889,45,0.078125,45,0.078125,150,0.26041666,576,17,0.029513888,27,0.046875,27,0.046875,36,0.0625,64,5,0.078125,5,0.078125,5,0.078125,14,0.21875,64,3,0.046875,3,0.046875,3,0.046875,9,0.140625,1440,0,0,0,0,0,0,240,0.16666667,9,3,0.33333334,3,0.33333334,3,0.33333334,7,0.7777778,64,1,0.015625,3,0.046875,3,0.046875,4,0.0625,64,0,0,3,0.046875,3,0.046875,0,0
3,3,3,3762,136,0.036150984,152,0.04040404,165,0.04385965,478,0.12706007,9,9,1,9,1,9,1,9,1,576,34,0.059027776,42,0.072916664,42,0.072916664,104,0.18055555,64,12,0.1875,16,0.25,16,0.25,24,0.375,0,0,NaN,0,NaN,0,NaN,0,NaN,192,9,0.046875,0,0,9,0.046875,33,0.171875,64,3,0.046875,0,0,3,0.046875,11,0.171875,0,0,NaN,0,NaN,0,NaN,0,NaN,576,42,0.072916664,42,0.072916664,43,0.074652776,153,0.265625,576,16,0.027777778,27,0.046875,27,0.046875,26,0.045138888,64,4,0.0625,4,0.0625,4,0.0625,18,0.28125,64,3,0.046875,3,0.046875,3,0.046875,11,0.171875,1440,0,0,0,0,0,0,80,0.055555556,9,3,0.33333334,3,0.33333334,3,0.33333334,6,0.6666667,64,1,0.015625,3,0.046875,3,0.046875,3,0.046875,64,0,0,3,0.046875,3,0.046875,0,0
3,3,3,3762,140,0.03721425,137,0.0364168,165,0.04385965,447,0.11881977,9,9,1,9,1,9,1,9,1,576,34,0.059027776,38,0.065972224,42,0.072916664,86,0.14930555,64,12,0.1875,15,0.234375,16,0.25,18,0.28125,0,0,NaN,0,NaN,0,NaN,0,NaN,192,9,0.046875,0,0,9,0.046875,30,0.15625,64,3,0.046875,0,0,3,0.046875,10,0.15625,0,0,NaN,0,NaN,0,NaN,0,NaN,576,44,0.07638889,35,0.060763888,44,0.07638889,146,0.2534722,576,18,0.03125,27,0.046875,27,0.046875,36,0.0625,64,4,0.0625,3,0.046875,4,0.0625,15,0.234375,64,3,0.046875,2,0.03125,3,0.046875,10,0.15625,1440,0,0,0,0,0,0,80,0.055555556,9,2,0.22222222,2,0.22222222,2,0.22222222,5,0.5555556,64,2,0.03125,3,0.046875,3,0.046875,2,0.03125,64,0,0,3,0.046875,3,0.046875,0,0
1,1,1,3762,41,0.010898458,47,0.012493354,56,0.014885699,449,0.11935141,9,7,0.7777778,8,0.8888889,9,1,9,1,576,11,0.019097222,9,0.015625,11,0.019097222,89,0.1545139,64,3,0.046875,2,0.03125,3,0.046875,18,0.28125,0,0,NaN,0,NaN,0,NaN,0,NaN,192,3,0.015625,0,0,3,0.015625,33,0.171875,64,1,0.015625,0,0,1,0.015625,11,0.171875,0,0,NaN,0,NaN,0,NaN,0,NaN,576,13,0.022569444,14,0.024305556,15,0.026041666,156,0.27083334,576,0,0,9,0.015625,9,0.015625,18,0.03125,64,1,0.015625,1,0.015625,1,0.015625,15,0.234375,64,1,0.015625,1,0.015625,1,0.015625,11,0.171875,1440,0,0,0,0,0,0,80,0.055555556,9,1,0.11111111,1,0.11111111,1,0.11111111,7,0.7777778,64,0,0,1,0.015625,1,0.015625,2,0.03125,64,0,0,1,0.015625,1,0.015625,0,0
1,1,1,3762,47,0.012493354,49,0.013024987,58,0.015417331,449,0.11935141,9,9,1,8,0.8888889,9,1,9,1,576,11,0.019097222,9,0.015625,11,0.019097222,89,0.1545139,64,3,0.046875,2,0.03125,3,0.046875,18,0.28125,0,0,NaN,0,NaN,0,NaN,0,NaN,192,3,0.015625,0,0,3,0.015625,33,0.171875,64,1,0.015625,0,0,1,0.015625,11,0.171875,0,0,NaN,0,NaN,0,NaN,0,NaN,576,16,0.027777778,15,0.026041666,16,0.027777778,155,0.2690972,576,0,0,9,0.015625,9,0.015625,18,0.03125,64,2,0.03125,2,0.03125,2,0.03125,16,0.25,64,1,0.015625,1,0.015625,1,0.015625,11,0.171875,1440,0,0,0,0,0,0,80,0.055555556,9,1,0.11111111,1,0.11111111,1,0.11111111,7,0.7777778,64,0,0,1,0.015625,1,0.015625,2,0.03125,64,0,0,1,0.015625,1,0.015625,0,0
